if MIRANITH_LOADED==true then return end;pcall(function()getgenv().MIRANITH_LOADED=true end)if not game:IsLoaded()then game.Loaded:Wait()end;local a={"EXP_5B","CONTROL","UPDATE11","XMASEXP","1BILLION","ShutDownFix2","UPD14","STRAWHATMAINE","TantaiGaming","Colosseum","Axiore","Sub2Daigrock","Sky Island 3","Sub2OfficialNoobie","SUB2NOOBMASTER123","THEGREATACE","Fountain City","BIGNEWS","FUDD10","SUB2GAMERROBOT_EXP1","UPD15","2BILLION","UPD16","3BVISITS","fudd10_v2","Starcodeheo","Magicbus","JCWK","Bluxxy","Sub2Fer999","Enyu_is_Pro","SECRET_ADMIN","KITT_RESET","DRAGONABUSE","Sub2CaptainMaui","DEVSCOOKING","kittgaming","Sub2Fer999","Enyu_is_Pro","Magicbus","JCWK","Starcodeheo","Bluxxy","fudd10_v2","SUB2GAMERROBOT_EXP1","Sub2NoobMaster123","Sub2UncleKizaru","Sub2Daigrock","Axiore","TantaiGaming","StrawHatMaine","Sub2OfficialNoobie","Fudd10","Bignews","TheGreatAce"}if game:GetService("Players").LocalPlayer.PlayerGui.Main:FindFirstChild("ChooseTeam")then repeat wait()if game:GetService("Players").LocalPlayer.PlayerGui:WaitForChild("Main").ChooseTeam.Visible==true then if getgenv().Team=="Pirate"then for b,c in pairs(getconnections(game:GetService("Players").LocalPlayer.PlayerGui.Main.ChooseTeam.Container.Pirates.Frame.ViewportFrame.TextButton.Activated))do c.Function()end elseif getgenv().Team=="Marine"then for b,c in pairs(getconnections(game:GetService("Players").LocalPlayer.PlayerGui.Main.ChooseTeam.Container.Marines.Frame.ViewportFrame.TextButton.Activated))do c.Function()end else for b,c in pairs(getconnections(game:GetService("Players").LocalPlayer.PlayerGui.Main.ChooseTeam.Container.Pirates.Frame.ViewportFrame.TextButton.Activated))do c.Function()end end end until game.Players.LocalPlayer.Team~=nil and game:IsLoaded()end;First_Sea=false;Second_Sea=false;Third_Sea=false;local d=game.PlaceId;if d==2753915549 then First_Sea=true elseif d==4442272183 then Second_Sea=true elseif d==7449423635 then Third_Sea=true end;local function e()local f=game:GetService("Players").LocalPlayer.Data.Level.Value;if First_Sea then if f==1 or f<=9 or getgenv().SelectMonster=="Bandit [Lv. 5]"then Ms="Bandit"NameQuest="BanditQuest1"QuestLv=1;NameMon="Bandit"CFrameQ=CFrame.new(1060.9383544922,16.455066680908,1547.7841796875)CFrameMon=CFrame.new(1038.5533447266,41.296249389648,1576.5098876953)elseif f==10 or f<=14 or getgenv().SelectMonster=="Monkey [Lv. 14]"then Ms="Monkey"NameQuest="JungleQuest"QuestLv=1;NameMon="Monkey"CFrameQ=CFrame.new(-1601.6553955078,36.85213470459,153.38809204102)CFrameMon=CFrame.new(-1448.1446533203,50.851993560791,63.60718536377)elseif f==15 or f<=29 or getgenv().SelectMonster=="Gorilla [Lv. 20]"then Ms="Gorilla"NameQuest="JungleQuest"QuestLv=2;NameMon="Gorilla"CFrameQ=CFrame.new(-1601.6553955078,36.85213470459,153.38809204102)CFrameMon=CFrame.new(-1142.6488037109,40.462348937988,-515.39227294922)elseif f==30 or f<=39 or getgenv().SelectMonster=="Pirate [Lv. 35]"then Ms="Pirate"NameQuest="BuggyQuest1"QuestLv=1;NameMon="Pirate"CFrameQ=CFrame.new(-1140.1761474609,4.752049446106,3827.4057617188)CFrameMon=CFrame.new(-1201.0881347656,40.628940582275,3857.5966796875)elseif f==40 or f<=59 or getgenv().SelectMonster=="Brute [Lv. 45]"then Ms="Brute"NameQuest="BuggyQuest1"QuestLv=2;NameMon="Brute"CFrameQ=CFrame.new(-1140.1761474609,4.752049446106,3827.4057617188)CFrameMon=CFrame.new(-1387.5324707031,24.592035293579,4100.9575195313)elseif f==60 or f<=74 or getgenv().SelectMonster=="Desert Bandit [Lv. 60]"then Ms="Desert Bandit"NameQuest="DesertQuest"QuestLv=1;NameMon="Desert Bandit"CFrameQ=CFrame.new(896.51721191406,6.4384617805481,4390.1494140625)CFrameMon=CFrame.new(984.99896240234,16.109552383423,4417.91015625)elseif f==75 or f<=89 or getgenv().SelectMonster=="Desert Officer [Lv. 70]"then Ms="Desert Officer"NameQuest="DesertQuest"QuestLv=2;NameMon="Desert Officer"CFrameQ=CFrame.new(896.51721191406,6.4384617805481,4390.1494140625)CFrameMon=CFrame.new(1547.1510009766,14.452038764954,4381.8002929688)elseif f==90 or f<=99 or getgenv().SelectMonster=="Snow Bandit [Lv. 90]"then Ms="Snow Bandit"NameQuest="SnowQuest"QuestLv=1;NameMon="Snow Bandit"CFrameQ=CFrame.new(1386.8073730469,87.272789001465,-1298.3576660156)CFrameMon=CFrame.new(1356.3028564453,105.76865386963,-1328.2418212891)elseif f==100 or f<=119 or getgenv().SelectMonster=="Snowman [Lv. 100]"then Ms="Snowman"NameQuest="SnowQuest"QuestLv=2;NameMon="Snowman"CFrameQ=CFrame.new(1386.8073730469,87.272789001465,-1298.3576660156)CFrameMon=CFrame.new(1218.7956542969,138.01184082031,-1488.0262451172)elseif f==120 or f<=149 or getgenv().SelectMonster=="Chief Petty Officer [Lv. 120]"then Ms="Chief Petty Officer"NameQuest="MarineQuest2"QuestLv=1;NameMon="Chief Petty Officer"CFrameQ=CFrame.new(-5035.49609375,28.677835464478,4324.1840820313)CFrameMon=CFrame.new(-4931.1552734375,65.793113708496,4121.8393554688)elseif f==150 or f<=174 or getgenv().SelectMonster=="Sky Bandit [Lv. 150]"then Ms="Sky Bandit"NameQuest="SkyQuest"QuestLv=1;NameMon="Sky Bandit"CFrameQ=CFrame.new(-4842.1372070313,717.69543457031,-2623.0483398438)CFrameMon=CFrame.new(-4955.6411132813,365.46365356445,-2908.1865234375)elseif f==175 or f<=189 or getgenv().SelectMonster=="Dark Master [Lv. 175]"then Ms="Dark Master"NameQuest="SkyQuest"QuestLv=2;NameMon="Dark Master"CFrameQ=CFrame.new(-4842.1372070313,717.69543457031,-2623.0483398438)CFrameMon=CFrame.new(-5148.1650390625,439.04571533203,-2332.9611816406)elseif f==190 or f<=209 or getgenv().SelectMonster=="Prisoner [Lv. 190]"then Ms="Prisoner"NameQuest="PrisonerQuest"QuestLv=1;NameMon="Prisoner"CFrameQ=CFrame.new(5310.60547,0.350014925,474.946594,0.0175017118,0,0.999846935,0,1,0,-0.999846935,0,0.0175017118)CFrameMon=CFrame.new(4937.31885,0.332031399,649.574524,0.694649816,0,-0.719348073,0,1,0,0.719348073,0,0.694649816)elseif f==210 or f<=249 or getgenv().SelectMonster=="Dangerous Prisoner [Lv. 210]"then Ms="Dangerous Prisoner"NameQuest="PrisonerQuest"QuestLv=2;NameMon="Dangerous Prisoner"CFrameQ=CFrame.new(5310.60547,0.350014925,474.946594,0.0175017118,0,0.999846935,0,1,0,-0.999846935,0,0.0175017118)CFrameMon=CFrame.new(5099.6626,0.351562679,1055.7583,0.898906827,0,-0.438139856,0,1,0,0.438139856,0,0.898906827)elseif f==250 or f<=274 or getgenv().SelectMonster=="Toga Warrior [Lv. 250]"then Ms="Toga Warrior"NameQuest="ColosseumQuest"QuestLv=1;NameMon="Toga Warrior"CFrameQ=CFrame.new(-1577.7890625,7.4151420593262,-2984.4838867188)CFrameMon=CFrame.new(-1872.5166015625,49.080215454102,-2913.810546875)elseif f==275 or f<=299 or getgenv().SelectMonster=="Gladiator [Lv. 275]"then Ms="Gladiator"NameQuest="ColosseumQuest"QuestLv=2;NameMon="Gladiator"CFrameQ=CFrame.new(-1577.7890625,7.4151420593262,-2984.4838867188)CFrameMon=CFrame.new(-1521.3740234375,81.203170776367,-3066.3139648438)elseif f==300 or f<=324 or getgenv().SelectMonster=="Military Soldier [Lv. 300]"then Ms="Military Soldier"NameQuest="MagmaQuest"QuestLv=1;NameMon="Military Soldier"CFrameQ=CFrame.new(-5316.1157226563,12.262831687927,8517.00390625)CFrameMon=CFrame.new(-5369.0004882813,61.24352645874,8556.4921875)elseif f==325 or f<=374 or getgenv().SelectMonster=="Military Spy [Lv. 325]"then Ms="Military Spy"NameQuest="MagmaQuest"QuestLv=2;NameMon="Military Spy"CFrameQ=CFrame.new(-5316.1157226563,12.262831687927,8517.00390625)CFrameMon=CFrame.new(-5787.00293,75.8262634,8651.69922,0.838590562,0,-0.544762194,0,1,0,0.544762194,0,0.838590562)elseif f==375 or f<=399 or getgenv().SelectMonster=="Fishman Warrior [Lv. 375]"then Ms="Fishman Warrior"NameQuest="FishmanQuest"QuestLv=1;NameMon="Fishman Warrior"CFrameQ=CFrame.new(61122.65234375,18.497442245483,1569.3997802734)CFrameMon=CFrame.new(60844.10546875,98.462875366211,1298.3985595703)if(LevelFarmQuest or LevelFarmNoQuest or SelectMonster_Quest_Farm or SelectMonster_NoQuest_Farm or DevilMastery_Farm)and(CFrameMon.Position-game.Players.LocalPlayer.Character.HumanoidRootPart.Position).Magnitude>3000 then game:GetService("ReplicatedStorage").Remotes.CommF_:InvokeServer("requestEntrance",Vector3.new(61163.8515625,11.6796875,1819.7841796875))end elseif f==400 or f<=449 or getgenv().SelectMonster=="Fishman Commando [Lv. 400]"then Ms="Fishman Commando"NameQuest="FishmanQuest"QuestLv=2;NameMon="Fishman Commando"CFrameQ=CFrame.new(61122.65234375,18.497442245483,1569.3997802734)CFrameMon=CFrame.new(61738.3984375,64.207321166992,1433.8375244141)if(LevelFarmQuest or LevelFarmNoQuest or SelectMonster_Quest_Farm or SelectMonster_NoQuest_Farm or DevilMastery_Farm)and(CFrameMon.Position-game.Players.LocalPlayer.Character.HumanoidRootPart.Position).Magnitude>3000 then game:GetService("ReplicatedStorage").Remotes.CommF_:InvokeServer("requestEntrance",Vector3.new(61163.8515625,11.6796875,1819.7841796875))end elseif f==450 or f<=474 or getgenv().SelectMonster=="God's Guard [Lv. 450]"then Ms="God's Guard"NameQuest="SkyExp1Quest"QuestLv=1;NameMon="God's Guard"CFrameQ=CFrame.new(-4721.8603515625,845.30297851563,-1953.8489990234)CFrameMon=CFrame.new(-4628.0498046875,866.92877197266,-1931.2352294922)if(LevelFarmQuest or LevelFarmNoQuest or SelectMonster_Quest_Farm or SelectMonster_NoQuest_Farm or DevilMastery_Farm)and(CFrameMon.Position-game.Players.LocalPlayer.Character.HumanoidRootPart.Position).Magnitude>3000 then game:GetService("ReplicatedStorage").Remotes.CommF_:InvokeServer("requestEntrance",Vector3.new(-4607.82275,872.54248,-1667.55688))end elseif f==475 or f<=524 or getgenv().SelectMonster=="Shanda [Lv. 475]"then Ms="Shanda"NameQuest="SkyExp1Quest"QuestLv=2;NameMon="Shanda"CFrameQ=CFrame.new(-7863.1596679688,5545.5190429688,-378.42266845703)CFrameMon=CFrame.new(-7685.1474609375,5601.0751953125,-441.38876342773)if(LevelFarmQuest or LevelFarmNoQuest or SelectMonster_Quest_Farm or SelectMonster_NoQuest_Farm or DevilMastery_Farm)and(CFrameMon.Position-game.Players.LocalPlayer.Character.HumanoidRootPart.Position).Magnitude>3000 then game:GetService("ReplicatedStorage").Remotes.CommF_:InvokeServer("requestEntrance",Vector3.new(-7894.6176757813,5547.1416015625,-380.29119873047))end elseif f==525 or f<=549 or getgenv().SelectMonster=="Royal Squad [Lv. 525]"then Ms="Royal Squad"NameQuest="SkyExp2Quest"QuestLv=1;NameMon="Royal Squad"CFrameQ=CFrame.new(-7903.3828125,5635.9897460938,-1410.923828125)CFrameMon=CFrame.new(-7654.2514648438,5637.1079101563,-1407.7550048828)elseif f==550 or f<=624 or getgenv().SelectMonster=="Royal Soldier [Lv. 550]"then Ms="Royal Soldier"NameQuest="SkyExp2Quest"QuestLv=2;NameMon="Royal Soldier"CFrameQ=CFrame.new(-7903.3828125,5635.9897460938,-1410.923828125)CFrameMon=CFrame.new(-7760.4106445313,5679.9077148438,-1884.8112792969)elseif f==625 or f<=649 or getgenv().SelectMonster=="Galley Pirate [Lv. 625]"then Ms="Galley Pirate"NameQuest="FountainQuest"QuestLv=1;NameMon="Galley Pirate"CFrameQ=CFrame.new(5258.2788085938,38.526931762695,4050.044921875)CFrameMon=CFrame.new(5557.1684570313,152.32717895508,3998.7758789063)elseif f>=650 or getgenv().SelectMonster=="Galley Captain [Lv. 650]"then Ms="Galley Captain"NameQuest="FountainQuest"QuestLv=2;NameMon="Galley Captain"CFrameQ=CFrame.new(5258.2788085938,38.526931762695,4050.044921875)CFrameMon=CFrame.new(5677.6772460938,92.786109924316,4966.6323242188)end end;if Second_Sea then if f==700 or f<=724 or getgenv().SelectMonster=="Raider [Lv. 700]"then Ms="Raider"NameQuest="Area1Quest"QuestLv=1;NameMon="Raider"CFrameQ=CFrame.new(-427.72567749023,72.99634552002,1835.9426269531)CFrameMon=CFrame.new(68.874565124512,93.635643005371,2429.6752929688)elseif f==725 or f<=774 or getgenv().SelectMonster=="Mercenary [Lv. 725]"then Ms="Mercenary"NameQuest="Area1Quest"QuestLv=2;NameMon="Mercenary"CFrameQ=CFrame.new(-427.72567749023,72.99634552002,1835.9426269531)CFrameMon=CFrame.new(-864.85009765625,122.47104644775,1453.1505126953)elseif f==775 or f<=799 or getgenv().SelectMonster=="Swan Pirate [Lv. 775]"then Ms="Swan Pirate"NameQuest="Area2Quest"QuestLv=1;NameMon="Swan Pirate"CFrameQ=CFrame.new(635.61151123047,73.096351623535,917.81298828125)CFrameMon=CFrame.new(1065.3669433594,137.64012145996,1324.3798828125)elseif f==800 or f<=874 or getgenv().SelectMonster=="Factory Staff [Lv. 800]"then Ms="Factory Staff"NameQuest="Area2Quest"QuestLv=2;NameMon="Factory Staff"CFrameQ=CFrame.new(635.61151123047,73.096351623535,917.81298828125)CFrameMon=CFrame.new(533.22045898438,128.46876525879,355.62615966797)elseif f==875 or f<=899 or getgenv().SelectMonster=="Marine Lieutenant [Lv. 875]"then Ms="Marine Lieutenant"NameQuest="MarineQuest3"QuestLv=1;NameMon="Marine Lieutenant"CFrameQ=CFrame.new(-2440.9934082031,73.04190826416,-3217.7082519531)CFrameMon=CFrame.new(-2489.2622070313,84.613594055176,-3151.8830566406)elseif f==900 or f<=949 or getgenv().SelectMonster=="Marine Captain [Lv. 900]"then Ms="Marine Captain"NameQuest="MarineQuest3"QuestLv=2;NameMon="Marine Captain"CFrameQ=CFrame.new(-2440.9934082031,73.04190826416,-3217.7082519531)CFrameMon=CFrame.new(-2335.2026367188,79.786659240723,-3245.8674316406)elseif f==950 or f<=974 or getgenv().SelectMonster=="Zombie [Lv. 950]"then Ms="Zombie"NameQuest="ZombieQuest"QuestLv=1;NameMon="Zombie"CFrameQ=CFrame.new(-5494.3413085938,48.505931854248,-794.59094238281)CFrameMon=CFrame.new(-5536.4970703125,101.08577728271,-835.59075927734)elseif f==975 or f<=999 or getgenv().SelectMonster=="Vampire [Lv. 975]"then Ms="Vampire"NameQuest="ZombieQuest"QuestLv=2;NameMon="Vampire"CFrameQ=CFrame.new(-5494.3413085938,48.505931854248,-794.59094238281)CFrameMon=CFrame.new(-5806.1098632813,16.722528457642,-1164.4384765625)elseif f==1000 or f<=1049 or getgenv().SelectMonster=="Snow Trooper [Lv. 1000]"then Ms="Snow Trooper"NameQuest="SnowMountainQuest"QuestLv=1;NameMon="Snow Trooper"CFrameQ=CFrame.new(607.05963134766,401.44781494141,-5370.5546875)CFrameMon=CFrame.new(535.21051025391,432.74209594727,-5484.9165039063)elseif f==1050 or f<=1099 or getgenv().SelectMonster=="Winter Warrior [Lv. 1050]"then Ms="Winter Warrior"NameQuest="SnowMountainQuest"QuestLv=2;NameMon="Winter Warrior"CFrameQ=CFrame.new(607.05963134766,401.44781494141,-5370.5546875)CFrameMon=CFrame.new(1234.4449462891,456.95419311523,-5174.130859375)elseif f==1100 or f<=1124 or getgenv().SelectMonster=="Lab Subordinate [Lv. 1100]"then Ms="Lab Subordinate"NameQuest="IceSideQuest"QuestLv=1;NameMon="Lab Subordinate"CFrameQ=CFrame.new(-6061.841796875,15.926671981812,-4902.0385742188)CFrameMon=CFrame.new(-5720.5576171875,63.309471130371,-4784.6103515625)elseif f==1125 or f<=1174 or getgenv().SelectMonster=="Horned Warrior [Lv. 1125]"then Ms="Horned Warrior"NameQuest="IceSideQuest"QuestLv=2;NameMon="Horned Warrior"CFrameQ=CFrame.new(-6061.841796875,15.926671981812,-4902.0385742188)CFrameMon=CFrame.new(-6292.751953125,91.181983947754,-5502.6499023438)elseif f==1175 or f<=1199 or getgenv().SelectMonster=="Magma Ninja [Lv. 1175]"then Ms="Magma Ninja"NameQuest="FireSideQuest"QuestLv=1;NameMon="Magma Ninja"CFrameQ=CFrame.new(-5429.0473632813,15.977565765381,-5297.9614257813)CFrameMon=CFrame.new(-5461.8388671875,130.36347961426,-5836.4702148438)elseif f==1200 or f<=1249 or getgenv().SelectMonster=="Lava Pirate [Lv. 1200]"then Ms="Lava Pirate"NameQuest="FireSideQuest"QuestLv=2;NameMon="Lava Pirate"CFrameQ=CFrame.new(-5429.0473632813,15.977565765381,-5297.9614257813)CFrameMon=CFrame.new(-5251.1889648438,55.164535522461,-4774.4096679688)elseif f==1250 or f<=1274 or getgenv().SelectMonster=="Ship Deckhand [Lv. 1250]"then Ms="Ship Deckhand"NameQuest="ShipQuest1"QuestLv=1;NameMon="Ship Deckhand"CFrameQ=CFrame.new(1040.2927246094,125.08293151855,32911.0390625)CFrameMon=CFrame.new(921.12365722656,125.9839553833,33088.328125)if(LevelFarmQuest or LevelFarmNoQuest or SelectMonster_Quest_Farm or SelectMonster_NoQuest_Farm or DevilMastery_Farm)and(CFrameMon.Position-game.Players.LocalPlayer.Character.HumanoidRootPart.Position).Magnitude>20000 then game:GetService("ReplicatedStorage").Remotes.CommF_:InvokeServer("requestEntrance",Vector3.new(923.21252441406,126.9760055542,32852.83203125))end elseif f==1275 or f<=1299 or getgenv().SelectMonster=="Ship Engineer [Lv. 1275]"then Ms="Ship Engineer"NameQuest="ShipQuest1"QuestLv=2;NameMon="Ship Engineer"CFrameQ=CFrame.new(1040.2927246094,125.08293151855,32911.0390625)CFrameMon=CFrame.new(886.28179931641,40.47790145874,32800.83203125)if(LevelFarmQuest or LevelFarmNoQuest or SelectMonster_Quest_Farm or SelectMonster_NoQuest_Farm or DevilMastery_Farm)and(CFrameMon.Position-game.Players.LocalPlayer.Character.HumanoidRootPart.Position).Magnitude>20000 then game:GetService("ReplicatedStorage").Remotes.CommF_:InvokeServer("requestEntrance",Vector3.new(923.21252441406,126.9760055542,32852.83203125))end elseif f==1300 or f<=1324 or getgenv().SelectMonster=="Ship Steward [Lv. 1300]"then Ms="Ship Steward"NameQuest="ShipQuest2"QuestLv=1;NameMon="Ship Steward"CFrameQ=CFrame.new(971.42065429688,125.08293151855,33245.54296875)CFrameMon=CFrame.new(943.85504150391,129.58183288574,33444.3671875)if(LevelFarmQuest or LevelFarmNoQuest or SelectMonster_Quest_Farm or SelectMonster_NoQuest_Farm or DevilMastery_Farm)and(CFrameMon.Position-game.Players.LocalPlayer.Character.HumanoidRootPart.Position).Magnitude>20000 then game:GetService("ReplicatedStorage").Remotes.CommF_:InvokeServer("requestEntrance",Vector3.new(923.21252441406,126.9760055542,32852.83203125))end elseif f==1325 or f<=1349 or getgenv().SelectMonster=="Ship Officer [Lv. 1325]"then Ms="Ship Officer"NameQuest="ShipQuest2"QuestLv=2;NameMon="Ship Officer"CFrameQ=CFrame.new(971.42065429688,125.08293151855,33245.54296875)CFrameMon=CFrame.new(955.38458251953,181.08335876465,33331.890625)if(LevelFarmQuest or LevelFarmNoQuest or SelectMonster_Quest_Farm or SelectMonster_NoQuest_Farm or DevilMastery_Farm)and(CFrameMon.Position-game.Players.LocalPlayer.Character.HumanoidRootPart.Position).Magnitude>20000 then game:GetService("ReplicatedStorage").Remotes.CommF_:InvokeServer("requestEntrance",Vector3.new(923.21252441406,126.9760055542,32852.83203125))end elseif f==1350 or f<=1374 or getgenv().SelectMonster=="Arctic Warrior [Lv. 1350]"then Ms="Arctic Warrior"NameQuest="FrostQuest"QuestLv=1;NameMon="Arctic Warrior"CFrameQ=CFrame.new(5668.1372070313,28.202531814575,-6484.6005859375)CFrameMon=CFrame.new(5935.4541015625,77.26016998291,-6472.7568359375)if(LevelFarmQuest or LevelFarmNoQuest or SelectMonster_Quest_Farm or SelectMonster_NoQuest_Farm or DevilMastery_Farm)and(CFrameMon.Position-game.Players.LocalPlayer.Character.HumanoidRootPart.Position).Magnitude>20000 then game:GetService("ReplicatedStorage").Remotes.CommF_:InvokeServer("requestEntrance",Vector3.new(-6508.5581054688,89.034996032715,-132.83953857422))end elseif f==1375 or f<=1424 or getgenv().SelectMonster=="Snow Lurker [Lv. 1375]"then Ms="Snow Lurker"NameQuest="FrostQuest"QuestLv=2;NameMon="Snow Lurker"CFrameQ=CFrame.new(5668.1372070313,28.202531814575,-6484.6005859375)CFrameMon=CFrame.new(5628.482421875,57.574996948242,-6618.3481445313)elseif f==1425 or f<=1449 or getgenv().SelectMonster=="Sea Soldier [Lv. 1425]"then Ms="Sea Soldier"NameQuest="ForgottenQuest"QuestLv=1;NameMon="Sea Soldier"CFrameQ=CFrame.new(-3054.5827636719,236.87213134766,-10147.790039063)CFrameMon=CFrame.new(-3185.0153808594,58.789089202881,-9663.6064453125)elseif f>=1450 or getgenv().SelectMonster=="Water Fighter [Lv. 1450]"then Ms="Water Fighter"NameQuest="ForgottenQuest"QuestLv=2;NameMon="Water Fighter"CFrameQ=CFrame.new(-3054.5827636719,236.87213134766,-10147.790039063)CFrameMon=CFrame.new(-3262.9301757813,298.69036865234,-10552.529296875)end end;if Third_Sea then if f==1500 or f<=1524 or getgenv().SelectMonster=="Pirate Millionaire [Lv. 1500]"then Ms="Pirate Millionaire"NameQuest="PiratePortQuest"QuestLv=1;NameMon="Pirate Millionaire"CFrameQ=CFrame.new(-289.61752319336,43.819011688232,5580.0903320313)CFrameMon=CFrame.new(-435.68109130859,189.69866943359,5551.0756835938)elseif f==1525 or f<=1574 or getgenv().SelectMonster=="Pistol Billionaire [Lv. 1525]"then Ms="Pistol Billionaire"NameQuest="PiratePortQuest"QuestLv=2;NameMon="Pistol Billionaire"CFrameQ=CFrame.new(-289.61752319336,43.819011688232,5580.0903320313)CFrameMon=CFrame.new(-236.53652954102,217.46676635742,6006.0883789063)elseif f==1575 or f<=1599 or getgenv().SelectMonster=="Dragon Crew Warrior [Lv. 1575]"then Ms="Dragon Crew Warrior"NameQuest="AmazonQuest"QuestLv=1;NameMon="Dragon Crew Warrior"CFrameQ=CFrame.new(5833.1147460938,51.60498046875,-1103.0693359375)CFrameMon=CFrame.new(6301.9975585938,104.77153015137,-1082.6075439453)elseif f==1600 or f<=1624 or getgenv().SelectMonster=="Dragon Crew Archer [Lv. 1600]"then Ms="Dragon Crew Archer"NameQuest="AmazonQuest"QuestLv=2;NameMon="Dragon Crew Archer"CFrameQ=CFrame.new(5833.1147460938,51.60498046875,-1103.0693359375)CFrameMon=CFrame.new(6831.1171875,441.76708984375,446.58615112305)elseif f==1625 or f<=1649 or getgenv().SelectMonster=="Female Islander [Lv. 1625]"then Ms="Female Islander"NameQuest="AmazonQuest2"QuestLv=1;NameMon="Female Islander"CFrameQ=CFrame.new(5446.8793945313,601.62945556641,749.45672607422)CFrameMon=CFrame.new(5792.5166015625,848.14392089844,1084.1818847656)elseif f==1650 or f<=1699 or getgenv().SelectMonster=="Giant Islander [Lv. 1650]"then Ms="Giant Islander"NameQuest="AmazonQuest2"QuestLv=2;NameMon="Giant Islander"CFrameQ=CFrame.new(5446.8793945313,601.62945556641,749.45672607422)CFrameMon=CFrame.new(5009.5068359375,664.11071777344,-40.960144042969)elseif f==1700 or f<=1724 or getgenv().SelectMonster=="Marine Commodore [Lv. 1700]"then Ms="Marine Commodore"NameQuest="MarineTreeIsland"QuestLv=1;NameMon="Marine Commodore"CFrameQ=CFrame.new(2179.98828125,28.731239318848,-6740.0551757813)CFrameMon=CFrame.new(2198.0063476563,128.71075439453,-7109.5043945313)elseif f==1725 or f<=1774 or getgenv().SelectMonster=="Marine Rear Admiral [Lv. 1725]"then Ms="Marine Rear Admiral"NameQuest="MarineTreeIsland"QuestLv=2;NameMon="Marine Rear Admiral"CFrameQ=CFrame.new(2179.98828125,28.731239318848,-6740.0551757813)CFrameMon=CFrame.new(3294.3142089844,385.41125488281,-7048.6342773438)elseif f==1775 or f<=1799 or getgenv().SelectMonster=="Fishman Raider [Lv. 1775]"then Ms="Fishman Raider"NameQuest="DeepForestIsland3"QuestLv=1;NameMon="Fishman Raider"CFrameQ=CFrame.new(-10582.759765625,331.78845214844,-8757.666015625)CFrameMon=CFrame.new(-10553.268554688,521.38439941406,-8176.9458007813)elseif f==1800 or f<=1824 or getgenv().SelectMonster=="Fishman Captain [Lv. 1800]"then Ms="Fishman Captain"NameQuest="DeepForestIsland3"QuestLv=2;NameMon="Fishman Captain"CFrameQ=CFrame.new(-10583.099609375,331.78845214844,-8759.4638671875)CFrameMon=CFrame.new(-10789.401367188,427.18637084961,-9131.4423828125)elseif f==1825 or f<=1849 or getgenv().SelectMonster=="Forest Pirate [Lv. 1825]"then Ms="Forest Pirate"NameQuest="DeepForestIsland"QuestLv=1;NameMon="Forest Pirate"CFrameQ=CFrame.new(-13232.662109375,332.40396118164,-7626.4819335938)CFrameMon=CFrame.new(-13489.397460938,400.30349731445,-7770.251953125)elseif f==1850 or f<=1899 or getgenv().SelectMonster=="Mythological Pirate [Lv. 1850]"then Ms="Mythological Pirate"NameQuest="DeepForestIsland"QuestLv=2;NameMon="Mythological Pirate"CFrameQ=CFrame.new(-13232.662109375,332.40396118164,-7626.4819335938)CFrameMon=CFrame.new(-13508.616210938,582.46228027344,-6985.3037109375)elseif f==1900 or f<=1924 or getgenv().SelectMonster=="Jungle Pirate [Lv. 1900]"then Ms="Jungle Pirate"NameQuest="DeepForestIsland2"QuestLv=1;NameMon="Jungle Pirate"CFrameQ=CFrame.new(-12682.096679688,390.88653564453,-9902.1240234375)CFrameMon=CFrame.new(-12267.103515625,459.75262451172,-10277.200195313)elseif f==1925 or f<=1974 or getgenv().SelectMonster=="Musketeer Pirate [Lv. 1925]"then Ms="Musketeer Pirate"NameQuest="DeepForestIsland2"QuestLv=2;NameMon="Musketeer Pirate"CFrameQ=CFrame.new(-12682.096679688,390.88653564453,-9902.1240234375)CFrameMon=CFrame.new(-13291.5078125,520.47338867188,-9904.638671875)elseif f==1975 or f<=1999 or getgenv().SelectMonster=="Reborn Skeleton [Lv. 1975]"then Ms="Reborn Skeleton"NameQuest="HauntedQuest1"QuestLv=1;NameMon="Reborn Skeleton"CFrameQ=CFrame.new(-9480.80762,142.130661,5566.37305,-0.00655503059,4.52954225e-08,-0.999978542,2.04920472e-08,1,4.51620679e-08,0.999978542,-2.01955679e-08,-0.00655503059)CFrameMon=CFrame.new(-8761.77148,183.431747,6168.33301,0.978073597,-1.3950732e-05,-0.208259016,-1.08073925e-06,1,-7.20630269e-05,0.208259016,7.07080399e-05,0.978073597)elseif f==2000 or f<=2024 or getgenv().SelectMonster=="Living Zombie [Lv. 2000]"then Ms="Living Zombie"NameQuest="HauntedQuest1"QuestLv=2;NameMon="Living Zombie"CFrameQ=CFrame.new(-9480.80762,142.130661,5566.37305,-0.00655503059,4.52954225e-08,-0.999978542,2.04920472e-08,1,4.51620679e-08,0.999978542,-2.01955679e-08,-0.00655503059)CFrameMon=CFrame.new(-10103.7529,238.565979,6179.75977,0.999474227,2.77547141e-08,0.0324240364,-2.58006327e-08,1,-6.06848474e-08,-0.0324240364,5.98163865e-08,0.999474227)elseif f==2025 or f<=2049 or getgenv().SelectMonster=="Demonic Soul [Lv. 2025]"then Ms="Demonic Soul"NameQuest="HauntedQuest2"QuestLv=1;NameMon="Demonic Soul"CFrameQ=CFrame.new(-9516.9931640625,178.00651550293,6078.4653320313)CFrameMon=CFrame.new(-9712.03125,204.69589233398,6193.322265625)elseif f==2050 or f<=2074 or getgenv().SelectMonster=="Posessed Mummy [Lv. 2050]"then Ms="Posessed Mummy"NameQuest="HauntedQuest2"QuestLv=2;NameMon="Posessed Mummy"CFrameQ=CFrame.new(-9516.9931640625,178.00651550293,6078.4653320313)CFrameMon=CFrame.new(-9545.7763671875,69.619895935059,6339.5615234375)elseif f==2075 or f<=2099 or getgenv().SelectMonster=="Peanut Scout [Lv. 2075]"then Ms="Peanut Scout"NameQuest="NutsIslandQuest"QuestLv=1;NameMon="Peanut Scout"CFrameQ=CFrame.new(-2105.53198,37.2495995,-10195.5088,-0.766061664,0,-0.642767608,0,1,0,0.642767608,0,-0.766061664)CFrameMon=CFrame.new(-2150.587890625,122.49767303467,-10358.994140625)elseif f==2100 or f<=2124 or getgenv().SelectMonster=="Peanut President [Lv. 2100]"then Ms="Peanut President"NameQuest="NutsIslandQuest"QuestLv=2;NameMon="Peanut President"CFrameQ=CFrame.new(-2105.53198,37.2495995,-10195.5088,-0.766061664,0,-0.642767608,0,1,0,0.642767608,0,-0.766061664)CFrameMon=CFrame.new(-2150.587890625,122.49767303467,-10358.994140625)elseif f==2125 or f<=2149 or getgenv().SelectMonster=="Ice Cream Chef [Lv. 2125]"then Ms="Ice Cream Chef"NameQuest="IceCreamIslandQuest"QuestLv=1;NameMon="Ice Cream Chef"CFrameQ=CFrame.new(-819.376709,64.9259796,-10967.2832,-0.766061664,0,0.642767608,0,1,0,-0.642767608,0,-0.766061664)CFrameMon=CFrame.new(-789.941528,209.382889,-11009.9805,-0.0703101531,-0,-0.997525156,-0,1.00000012,-0,0.997525275,0,-0.0703101456)elseif f==2150 or f<=2199 or getgenv().SelectMonster=="Ice Cream Commander [Lv. 2150]"then Ms="Ice Cream Commander"NameQuest="IceCreamIslandQuest"QuestLv=2;NameMon="Ice Cream Commander"CFrameQ=CFrame.new(-819.376709,64.9259796,-10967.2832,-0.766061664,0,0.642767608,0,1,0,-0.642767608,0,-0.766061664)CFrameMon=CFrame.new(-789.941528,209.382889,-11009.9805,-0.0703101531,-0,-0.997525156,-0,1.00000012,-0,0.997525275,0,-0.0703101456)elseif f==2200 or f<=2224 or getgenv().SelectMonster=="Cookie Crafter [Lv. 2200]"then Ms="Cookie Crafter"NameQuest="CakeQuest1"QuestLv=1;NameMon="Cookie Crafter"CFrameQ=CFrame.new(-2022.29858,36.9275894,-12030.9766,-0.961273909,0,-0.275594592,0,1,0,0.275594592,0,-0.961273909)CFrameMon=CFrame.new(-2321.71216,36.699482,-12216.7871,-0.780074954,0,0.625686109,0,1,0,-0.625686109,0,-0.780074954)elseif f==2225 or f<=2249 or getgenv().SelectMonster=="Cake Guard [Lv. 2225]"then Ms="Cake Guard"NameQuest="CakeQuest1"QuestLv=2;NameMon="Cake Guard"CFrameQ=CFrame.new(-2022.29858,36.9275894,-12030.9766,-0.961273909,0,-0.275594592,0,1,0,0.275594592,0,-0.961273909)CFrameMon=CFrame.new(-1418.11011,36.6718941,-12255.7324,0.0677844882,0,0.997700036,0,1,0,-0.997700036,0,0.0677844882)elseif f==2250 or f<=2274 or getgenv().SelectMonster=="Baking Staff [Lv. 2250]"then Ms="Baking Staff"NameQuest="CakeQuest2"QuestLv=1;NameMon="Baking Staff"CFrameQ=CFrame.new(-1928.31763,37.7296638,-12840.626,0.951068401,-0,-0.308980465,0,1,-0,0.308980465,0,0.951068401)CFrameMon=CFrame.new(-1980.43848,36.6716766,-12983.8418,-0.254443765,0,-0.967087567,0,1,0,0.967087567,0,-0.254443765)elseif f==2275 or f<=2299 or getgenv().SelectMonster=="Head Baker [Lv. 2275]"then Ms="Head Baker"NameQuest="CakeQuest2"QuestLv=2;NameMon="Head Baker"CFrameQ=CFrame.new(-1928.31763,37.7296638,-12840.626,0.951068401,-0,-0.308980465,0,1,-0,0.308980465,0,0.951068401)CFrameMon=CFrame.new(-2251.5791,52.2714615,-13033.3965,-0.991971016,0,-0.126466095,0,1,0,0.126466095,0,-0.991971016)elseif f==2300 or f<=2324 or getgenv().SelectMonster=="Cocoa Warrior [Lv. 2300]"then Ms="Cocoa Warrior"NameQuest="ChocQuest1"QuestLv=1;NameMon="Cocoa Warrior"CFrameQ=CFrame.new(231.75,23.9003029,-12200.292,-1,0,0,0,1,0,0,0,-1)CFrameMon=CFrame.new(167.978516,26.2254658,-12238.874,-0.939700961,0,0.341998369,0,1,0,-0.341998369,0,-0.939700961)elseif f==2325 or f<=2349 or getgenv().SelectMonster=="Chocolate Bar Battler [Lv. 2325]"then Ms="Chocolate Bar Battler"NameQuest="ChocQuest1"QuestLv=2;NameMon="Chocolate Bar Battler"CFrameQ=CFrame.new(231.75,23.9003029,-12200.292,-1,0,0,0,1,0,0,0,-1)CFrameMon=CFrame.new(701.312073,25.5824986,-12708.2148,-0.342042685,0,-0.939684391,0,1,0,0.939684391,0,-0.342042685)elseif f==2350 or f<=2374 or getgenv().SelectMonster=="Sweet Thief [Lv. 2350]"then Ms="Sweet Thief"NameQuest="ChocQuest2"QuestLv=1;NameMon="Sweet Thief"CFrameQ=CFrame.new(151.198242,23.8907146,-12774.6172,0.422592998,0,0.906319618,0,1,0,-0.906319618,0,0.422592998)CFrameMon=CFrame.new(-140.258301,25.5824986,-12652.3115,0.173624337,-0,-0.984811902,0,1,-0,0.984811902,0,0.173624337)elseif f==2375 or f<=2400 or getgenv().SelectMonster=="Candy Rebel [Lv. 2375]"then Ms="Candy Rebel"NameQuest="ChocQuest2"QuestLv=2;NameMon="Candy Rebel"CFrameQ=CFrame.new(151.198242,23.8907146,-12774.6172,0.422592998,0,0.906319618,0,1,0,-0.906319618,0,0.422592998)CFrameMon=CFrame.new(47.9231453,25.5824986,-13029.2402,-0.819156051,0,-0.573571265,0,1,0,0.573571265,0,-0.819156051)elseif f==2400 or f<=2424 or getgenv().SelectMonster=="Candy Pirate [Lv. 2400]"then Ms="Candy Pirate"NameQuest="CandyQuest1"QuestLv=1;NameMon="Candy Pirate"CFrameQ=CFrame.new(-1149.328,13.5759039,-14445.6143,-0.156446099,0,-0.987686574,0,1,0,0.987686574,0,-0.156446099)CFrameMon=CFrame.new(-1437.56348,17.1481285,-14385.6934,0.173624337,-0,-0.984811902,0,1,-0,0.984811902,0,0.173624337)elseif f==2425 or f<=2449 or getgenv().SelectMonster=="Snow Demon [Lv. 2425]"then Ms="Snow Demon"NameQuest="CandyQuest1"QuestLv=2;NameMon="Snow Demon"CFrameQ=CFrame.new(-1149.328,13.5759039,-14445.6143,-0.156446099,0,-0.987686574,0,1,0,0.987686574,0,-0.156446099)CFrameMon=CFrame.new(-916.222656,17.1481285,-14638.8125,0.866007268,0,0.500031412,0,1,0,-0.500031412,0,0.866007268)elseif f==2450 or f<=2474 or getgenv().SelectMonster=="Isle Outlaw [Lv. 2450]"then Ms="Isle Outlaw"NameQuest="TikiQuest1"QuestLv=1;NameMon="Isle Outlaw"CFrameQ=CFrame.new(-16548.8164,55.6059914,-172.8125,0.213092566,-0,-0.977032006,0,1,-0,0.977032006,0,0.213092566)CFrameMon=CFrame.new(-16122.4062,10.6328173,-257.351685,-0.630029082,0,0.776571631,0,1,0,-0.776571631,0,-0.630029082)elseif f==2475 or f<=2499 or getgenv().SelectMonster=="Island Boy [2475]"then Ms="Island Boy"NameQuest="TikiQuest1"QuestLv=2;NameMon="Island Boy"CFrameQ=CFrame.new(-16548.8164,55.6059914,-172.8125,0.213092566,-0,-0.977032006,0,1,-0,0.977032006,0,0.213092566)CFrameMon=CFrame.new(-16736.2266,20.533947,-131.718811,0.546393692,0,0.837528467,0,1,0,-0.837528467,0,0.546393692)elseif f==2500 or f<=2524 or getgenv().SelectMonster=="Sun-kissed Warrior [Lv. 2500]"then Ms="Sun-kissed Warrior"NameQuest="TikiQuest2"QuestLv=1;NameMon="Sun-"CFrameQ=CFrame.new(-16541.0215,54.770813,1051.46118,0.0410757065,-0,-0.999156058,0,1,-0,0.999156058,0,0.0410757065)CFrameMon=CFrame.new(-16413.5078,54.6350479,1054.43555,-0.999391913,0,-0.034868788,0,1,0,0.034868788,0,-0.999391913)elseif f==2525 or f<=2549 or getgenv().SelectMonster=="Isle Champion [Lv. 2525]"then Ms="Isle Champion"NameQuest="TikiQuest2"QuestLv=2;NameMon="Isle Champion"CFrameQ=CFrame.new(-16541.0215,54.770813,1051.46118,0.0410757065,-0,-0.999156058,0,1,-0,0.999156058,0,0.0410757065)CFrameMon=CFrame.new(-16787.3203,20.6350517,992.131836,-0.775471091,0,0.631383121,0,1,0,-0.631383121,0,-0.775471091)elseif f==2550 or f<=2574 or getgenv().SelectMonster=="Serpent Hunter [Lv. 2550]"then Ms="Serpent Hunter"NameQuest="TikiQuest3"QuestLv=1;NameMon="Serpent Hunter"CFrameQ=CFrame.new(-16665.1914,104.596405,1579.69434,0.951068401,-0,-0.308980465,0,1,-0,0.308980465,0,0.951068401)CFrameMon=CFrame.new(-16654.7754,105.286232,1579.67444,0.999096751,4.45934489e-08,0.0424928814,-4.38822667e-08,1,-1.76692847e-08,-0.0424928814,1.57886415e-08,0.999096751)elseif f>=2575 or getgenv().SelectMonster=="Skull Slayer [Lv. 2575]"then Ms="Skull Slayer"NameQuest="TikiQuest3"QuestLv=2;NameMon="Skull Slayer"CFrameQ=CFrame.new(-16665.1914,104.596405,1579.69434,0.951068401,-0,-0.308980465,0,1,-0,0.308980465,0,0.951068401)CFrameMon=CFrame.new(-16654.7754,105.286232,1579.67444,0.999096751,4.45934489e-08,0.0424928814,-4.38822667e-08,1,-1.76692847e-08,-0.0424928814,1.57886415e-08,0.999096751)end end end;if First_Sea then tableMon={"Bandit [Lv. 5]","Monkey [Lv. 14]","Gorilla [Lv. 20]","Pirate [Lv. 35]","Brute [Lv. 45]","Desert Bandit [Lv. 60]","Desert Officer [Lv. 70]","Snow Bandit [Lv. 90]","Snowman [Lv. 100]","Chief Petty Officer [Lv. 120]","Sky Bandit [Lv. 150]","Dark Master [Lv. 175]","Prisoner [Lv. 190]","Dangerous Prisoner [Lv. 210]","Toga Warrior [Lv. 250]","Gladiator [Lv. 275]","Military Soldier [Lv. 300]","Military Spy [Lv. 325]","Fishman Warrior [Lv. 375]","Fishman Commando [Lv. 400]","God's Guard [Lv. 450]","Shanda [Lv. 475]","Royal Squad [Lv. 525]","Royal Soldier [Lv. 550]","Galley Pirate [Lv. 625]","Galley Captain [Lv. 650]"}elseif Second_Sea then tableMon={"Raider [Lv. 700]","Mercenary [Lv. 725]","Swan Pirate [Lv. 775]","Factory Staff [Lv. 800]","Marine Lieutenant [Lv. 875]","Marine Captain [Lv. 900]","Zombie [Lv. 950]","Vampire [Lv. 975]","Snow Trooper [Lv. 1000]","Winter Warrior [Lv. 1050]","Lab Subordinate [Lv. 1100]","Horned Warrior [Lv. 1125]","Magma Ninja [Lv. 1175]","Lava Pirate [Lv. 1200]","Ship Deckhand [Lv. 1250]","Ship Engineer [Lv. 1275]","Ship Steward [Lv. 1300]","Ship Officer [Lv. 1325]","Arctic Warrior [Lv. 1350]","Snow Lurker [Lv. 1375]","Sea Soldier [Lv. 1425]","Water Fighter [Lv. 1450]"}elseif Third_Sea then tableMon={"Pirate Millionaire [Lv. 1500]","Dragon Crew Warrior [Lv. 1575]","Dragon Crew Archer [Lv. 1600]","Female Islander [Lv. 1625]","Giant Islander [Lv. 1650]","Marine Commodore [Lv. 1700]","Marine Rear Admiral [Lv. 1725]","Fishman Raider [Lv. 1775]","Fishman Captain [Lv. 1800]","Forest Pirate [Lv. 1825]","Mythological Pirate [Lv. 1850]","Jungle Pirate [Lv. 1900]","Musketeer Pirate [Lv. 1925]","Reborn Skeleton [Lv. 1975]","Living Zombie [Lv. 2000]","Demonic Soul [Lv. 2025]","Posessed Mummy [Lv. 2050]","Peanut Scout [Lv. 2075]","Peanut President [Lv. 2100]","Ice Cream Chef [Lv. 2125]","Ice Cream Commander [Lv. 2150]","Cookie Crafter [Lv. 2200]","Cake Guard [Lv. 2225]","Baking Staff [Lv. 2250]","Head Baker [Lv. 2275]","Cocoa Warrior [Lv. 2300]","Chocolate Bar Battler [Lv. 2325]","Sweet Thief [Lv. 2350]","Candy Rebel [Lv. 2375]","Candy Pirate [Lv. 2400]","Snow Demon [Lv. 2425]","Isle Outlaw [Lv. 2450]","Island Boy [2475]","Sun-kissed Warrior [Lv. 2500]","Isle Champion [Lv. 2525]","Serpent Hunter [Lv. 2550]","Skull Slayer [Lv. 2575]"}end;function CheckBossQuest()if First_Sea then if SelectBoss=="The Gorilla King"then BossMon="The Gorilla King [Lv. 25] [Boss]"NameBoss='The Gorrila King'NameQuestBoss="JungleQuest"QuestLvBoss=3;RewardBoss="Reward:\n$2,000\n7,000 Exp."CFrameQBoss=CFrame.new(-1601.6553955078,36.85213470459,153.38809204102)CFrameBoss=CFrame.new(-1088.75977,8.13463783,-488.559906,-0.707134247,0,0.707079291,0,1,0,-0.707079291,0,-0.707134247)elseif SelectBoss=="Bobby"then BossMon="Bobby [Lv. 55] [Boss]"NameBoss='Bobby'NameQuestBoss="BuggyQuest1"QuestLvBoss=3;RewardBoss="Reward:\n$8,000\n35,000 Exp."CFrameQBoss=CFrame.new(-1140.1761474609,4.752049446106,3827.4057617188)CFrameBoss=CFrame.new(-1087.3760986328,46.949409484863,4040.1462402344)elseif SelectBoss=="The Saw"then BossMon="The Saw [Lv. 100] [Boss]"NameBoss='The Saw'CFrameBoss=CFrame.new(-784.89715576172,72.427383422852,1603.5822753906)elseif SelectBoss=="Yeti"then BossMon="Yeti [Lv. 110] [Boss]"NameBoss='Yeti'NameQuestBoss="SnowQuest"QuestLvBoss=3;RewardBoss="Reward:\n$10,000\n180,000 Exp."CFrameQBoss=CFrame.new(1386.8073730469,87.272789001465,-1298.3576660156)CFrameBoss=CFrame.new(1218.7956542969,138.01184082031,-1488.0262451172)elseif SelectBoss=="Mob Leader"then BossMon="Mob Leader [Lv. 120] [Boss]"NameBoss='Mob Leader'CFrameBoss=CFrame.new(-2844.7307128906,7.4180502891541,5356.6723632813)elseif SelectBoss=="Vice Admiral"then BossMon="Vice Admiral [Lv. 130] [Boss]"NameBoss='Vice Admiral'NameQuestBoss="MarineQuest2"QuestLvBoss=2;RewardBoss="Reward:\n$10,000\n180,000 Exp."CFrameQBoss=CFrame.new(-5036.2465820313,28.677835464478,4324.56640625)CFrameBoss=CFrame.new(-5006.5454101563,88.032081604004,4353.162109375)elseif SelectBoss=="Saber Expert"then NameBoss='Saber Expert'BossMon="Saber Expert [Lv. 200] [Boss]"CFrameBoss=CFrame.new(-1458.89502,29.8870335,-50.633564)elseif SelectBoss=="Warden"then BossMon="Warden [Lv. 220] [Boss]"NameBoss='Warden'NameQuestBoss="ImpelQuest"QuestLvBoss=1;RewardBoss="Reward:\n$6,000\n850,000 Exp."CFrameBoss=CFrame.new(5278.04932,2.15167475,944.101929,0.220546961,-4.49946401e-06,0.975376427,-1.95412576e-05,1,9.03162072e-06,-0.975376427,-2.10519756e-05,0.220546961)CFrameQBoss=CFrame.new(5191.86133,2.84020686,686.438721,-0.731384635,0,0.681965172,0,1,0,-0.681965172,0,-0.731384635)elseif SelectBoss=="Chief Warden"then BossMon="Chief Warden [Lv. 230] [Boss]"NameBoss='Chief Warden'NameQuestBoss="ImpelQuest"QuestLvBoss=2;RewardBoss="Reward:\n$10,000\n1,000,000 Exp."CFrameBoss=CFrame.new(5206.92578,0.997753382,814.976746,0.342041343,-0.00062915677,0.939684749,0.00191645394,0.999998152,-2.80422337e-05,-0.939682961,0.00181045406,0.342041939)CFrameQBoss=CFrame.new(5191.86133,2.84020686,686.438721,-0.731384635,0,0.681965172,0,1,0,-0.681965172,0,-0.731384635)elseif SelectBoss=="Swan"then BossMon="Swan [Lv. 240] [Boss]"NameBoss='Swan'NameQuestBoss="ImpelQuest"QuestLvBoss=3;RewardBoss="Reward:\n$15,000\n1,600,000 Exp."CFrameBoss=CFrame.new(5325.09619,7.03906584,719.570679,-0.309060812,0,0.951042235,0,1,0,-0.951042235,0,-0.309060812)CFrameQBoss=CFrame.new(5191.86133,2.84020686,686.438721,-0.731384635,0,0.681965172,0,1,0,-0.681965172,0,-0.731384635)elseif SelectBoss=="Magma Admiral"then BossMon="Magma Admiral [Lv. 350] [Boss]"NameBoss='Magma Admiral'NameQuestBoss="MagmaQuest"QuestLvBoss=3;RewardBoss="Reward:\n$15,000\n2,800,000 Exp."CFrameQBoss=CFrame.new(-5314.6220703125,12.262420654297,8517.279296875)CFrameBoss=CFrame.new(-5765.8969726563,82.92064666748,8718.3046875)elseif SelectBoss=="Fishman Lord"then BossMon="Fishman Lord [Lv. 425] [Boss]"NameBoss='Fishman Lord'NameQuestBoss="FishmanQuest"QuestLvBoss=3;RewardBoss="Reward:\n$15,000\n4,000,000 Exp."CFrameQBoss=CFrame.new(61122.65234375,18.497442245483,1569.3997802734)CFrameBoss=CFrame.new(61260.15234375,30.950881958008,1193.4329833984)elseif SelectBoss=="Wysper"then BossMon="Wysper [Lv. 500] [Boss]"NameBoss='Wysper'NameQuestBoss="SkyExp1Quest"QuestLvBoss=3;RewardBoss="Reward:\n$15,000\n4,800,000 Exp."CFrameQBoss=CFrame.new(-7861.947265625,5545.517578125,-379.85974121094)CFrameBoss=CFrame.new(-7866.1333007813,5576.4311523438,-546.74816894531)elseif SelectBoss=="Thunder God"then BossMon="Thunder God [Lv. 575] [Boss]"NameBoss='Thunder God'NameQuestBoss="SkyExp2Quest"QuestLvBoss=3;RewardBoss="Reward:\n$20,000\n5,800,000 Exp."CFrameQBoss=CFrame.new(-7903.3828125,5635.9897460938,-1410.923828125)CFrameBoss=CFrame.new(-7994.984375,5761.025390625,-2088.6479492188)elseif SelectBoss=="Cyborg"then BossMon="Cyborg [Lv. 675] [Boss]"NameBoss='Cyborg'NameQuestBoss="FountainQuest"QuestLvBoss=3